# 181 angles,  1 tensor ranks for 0=projectile
@subtitle   "p+Ni78 Coulomb and Nuclear;"                                                   
@legend ON
@legend x1 0.2
@legend y1 0.8
@g0 type LOGY
@yaxis ticklabel format power
@xaxis label "Scattering angle (degrees)"
@yaxis label "Cross section (mb/sr)"
@legend string   0 "Partition=  1 Excit=  1 near/far= 1"
#legend string   0 "Lab energy =    6.9000"
@s0 linestyle   1
#  Theta       sigma       iT11        T20         T21         T22         Kyy for projectile
  0.1000E-01   1.000    
   1.000       1.000    
   2.000       1.001    
   3.000      0.9974    
   4.000      0.9949    
   5.000      0.9963    
   6.000       1.002    
   7.000       1.010    
   8.000       1.019    
   9.000       1.026    
   10.00       1.031    
   11.00       1.032    
   12.00       1.029    
   13.00       1.023    
   14.00       1.014    
   15.00       1.002    
   16.00      0.9888    
   17.00      0.9744    
   18.00      0.9598    
   19.00      0.9454    
   20.00      0.9318    
   21.00      0.9193    
   22.00      0.9082    
   23.00      0.8985    
   24.00      0.8904    
   25.00      0.8836    
   26.00      0.8781    
   27.00      0.8736    
   28.00      0.8699    
   29.00      0.8667    
   30.00      0.8637    
   31.00      0.8606    
   32.00      0.8572    
   33.00      0.8531    
   34.00      0.8483    
   35.00      0.8424    
   36.00      0.8353    
   37.00      0.8269    
   38.00      0.8172    
   39.00      0.8062    
   40.00      0.7937    
   41.00      0.7800    
   42.00      0.7651    
   43.00      0.7490    
   44.00      0.7321    
   45.00      0.7143    
   46.00      0.6960    
   47.00      0.6773    
   48.00      0.6584    
   49.00      0.6396    
   50.00      0.6210    
   51.00      0.6029    
   52.00      0.5855    
   53.00      0.5690    
   54.00      0.5534    
   55.00      0.5391    
   56.00      0.5261    
   57.00      0.5145    
   58.00      0.5045    
   59.00      0.4961    
   60.00      0.4893    
   61.00      0.4842    
   62.00      0.4808    
   63.00      0.4790    
   64.00      0.4788    
   65.00      0.4801    
   66.00      0.4829    
   67.00      0.4871    
   68.00      0.4924    
   69.00      0.4989    
   70.00      0.5063    
   71.00      0.5145    
   72.00      0.5233    
   73.00      0.5326    
   74.00      0.5422    
   75.00      0.5520    
   76.00      0.5618    
   77.00      0.5714    
   78.00      0.5807    
   79.00      0.5895    
   80.00      0.5977    
   81.00      0.6051    
   82.00      0.6118    
   83.00      0.6175    
   84.00      0.6221    
   85.00      0.6257    
   86.00      0.6280    
   87.00      0.6292    
   88.00      0.6291    
   89.00      0.6278    
   90.00      0.6252    
   91.00      0.6213    
   92.00      0.6162    
   93.00      0.6099    
   94.00      0.6025    
   95.00      0.5940    
   96.00      0.5845    
   97.00      0.5741    
   98.00      0.5629    
   99.00      0.5509    
   100.0      0.5382    
   101.0      0.5251    
   102.0      0.5115    
   103.0      0.4975    
   104.0      0.4834    
   105.0      0.4692    
   106.0      0.4550    
   107.0      0.4409    
   108.0      0.4271    
   109.0      0.4135    
   110.0      0.4004    
   111.0      0.3878    
   112.0      0.3758    
   113.0      0.3645    
   114.0      0.3539    
   115.0      0.3441    
   116.0      0.3351    
   117.0      0.3270    
   118.0      0.3199    
   119.0      0.3137    
   120.0      0.3084    
   121.0      0.3042    
   122.0      0.3010    
   123.0      0.2987    
   124.0      0.2974    
   125.0      0.2971    
   126.0      0.2978    
   127.0      0.2993    
   128.0      0.3017    
   129.0      0.3050    
   130.0      0.3090    
   131.0      0.3138    
   132.0      0.3194    
   133.0      0.3255    
   134.0      0.3323    
   135.0      0.3396    
   136.0      0.3474    
   137.0      0.3557    
   138.0      0.3644    
   139.0      0.3733    
   140.0      0.3826    
   141.0      0.3921    
   142.0      0.4018    
   143.0      0.4117    
   144.0      0.4216    
   145.0      0.4316    
   146.0      0.4416    
   147.0      0.4516    
   148.0      0.4615    
   149.0      0.4713    
   150.0      0.4810    
   151.0      0.4906    
   152.0      0.5000    
   153.0      0.5092    
   154.0      0.5181    
   155.0      0.5269    
   156.0      0.5353    
   157.0      0.5436    
   158.0      0.5515    
   159.0      0.5591    
   160.0      0.5665    
   161.0      0.5735    
   162.0      0.5802    
   163.0      0.5866    
   164.0      0.5926    
   165.0      0.5983    
   166.0      0.6037    
   167.0      0.6087    
   168.0      0.6133    
   169.0      0.6176    
   170.0      0.6215    
   171.0      0.6251    
   172.0      0.6283    
   173.0      0.6311    
   174.0      0.6335    
   175.0      0.6356    
   176.0      0.6373    
   177.0      0.6386    
   178.0      0.6396    
   179.0      0.6401    
   180.0      0.6403    
 END
@legend string   0 "Partition=  1 Excit=  1 near/far= 1"
#legend string   1 "Lab energy =   11.0000"
@s0 linestyle   1
#  Theta       sigma       iT11        T20         T21         T22         Kyy for projectile
  0.1000E-01   1.000    
   1.000      0.9990    
   2.000      0.9967    
   3.000       1.007    
   4.000       1.023    
   5.000       1.036    
   6.000       1.039    
   7.000       1.029    
   8.000       1.007    
   9.000      0.9757    
   10.00      0.9383    
   11.00      0.8982    
   12.00      0.8585    
   13.00      0.8218    
   14.00      0.7902    
   15.00      0.7649    
   16.00      0.7467    
   17.00      0.7356    
   18.00      0.7312    
   19.00      0.7327    
   20.00      0.7390    
   21.00      0.7489    
   22.00      0.7609    
   23.00      0.7737    
   24.00      0.7858    
   25.00      0.7962    
   26.00      0.8036    
   27.00      0.8072    
   28.00      0.8063    
   29.00      0.8005    
   30.00      0.7894    
   31.00      0.7732    
   32.00      0.7520    
   33.00      0.7262    
   34.00      0.6963    
   35.00      0.6630    
   36.00      0.6271    
   37.00      0.5895    
   38.00      0.5509    
   39.00      0.5123    
   40.00      0.4746    
   41.00      0.4385    
   42.00      0.4048    
   43.00      0.3742    
   44.00      0.3472    
   45.00      0.3243    
   46.00      0.3057    
   47.00      0.2916    
   48.00      0.2822    
   49.00      0.2773    
   50.00      0.2768    
   51.00      0.2805    
   52.00      0.2881    
   53.00      0.2991    
   54.00      0.3130    
   55.00      0.3295    
   56.00      0.3479    
   57.00      0.3677    
   58.00      0.3884    
   59.00      0.4095    
   60.00      0.4305    
   61.00      0.4509    
   62.00      0.4704    
   63.00      0.4885    
   64.00      0.5050    
   65.00      0.5195    
   66.00      0.5319    
   67.00      0.5419    
   68.00      0.5496    
   69.00      0.5547    
   70.00      0.5574    
   71.00      0.5575    
   72.00      0.5552    
   73.00      0.5505    
   74.00      0.5435    
   75.00      0.5344    
   76.00      0.5232    
   77.00      0.5102    
   78.00      0.4955    
   79.00      0.4793    
   80.00      0.4618    
   81.00      0.4431    
   82.00      0.4235    
   83.00      0.4032    
   84.00      0.3823    
   85.00      0.3612    
   86.00      0.3400    
   87.00      0.3188    
   88.00      0.2980    
   89.00      0.2777    
   90.00      0.2582    
   91.00      0.2396    
   92.00      0.2221    
   93.00      0.2059    
   94.00      0.1913    
   95.00      0.1782    
   96.00      0.1670    
   97.00      0.1577    
   98.00      0.1504    
   99.00      0.1451    
   100.0      0.1421    
   101.0      0.1412    
   102.0      0.1424    
   103.0      0.1458    
   104.0      0.1513    
   105.0      0.1588    
   106.0      0.1682    
   107.0      0.1793    
   108.0      0.1919    
   109.0      0.2060    
   110.0      0.2212    
   111.0      0.2374    
   112.0      0.2543    
   113.0      0.2717    
   114.0      0.2894    
   115.0      0.3070    
   116.0      0.3244    
   117.0      0.3412    
   118.0      0.3574    
   119.0      0.3726    
   120.0      0.3867    
   121.0      0.3994    
   122.0      0.4106    
   123.0      0.4202    
   124.0      0.4280    
   125.0      0.4340    
   126.0      0.4380    
   127.0      0.4399    
   128.0      0.4399    
   129.0      0.4378    
   130.0      0.4337    
   131.0      0.4276    
   132.0      0.4195    
   133.0      0.4096    
   134.0      0.3979    
   135.0      0.3847    
   136.0      0.3699    
   137.0      0.3537    
   138.0      0.3364    
   139.0      0.3182    
   140.0      0.2991    
   141.0      0.2795    
   142.0      0.2596    
   143.0      0.2396    
   144.0      0.2197    
   145.0      0.2003    
   146.0      0.1816    
   147.0      0.1638    
   148.0      0.1473    
   149.0      0.1322    
   150.0      0.1189    
   151.0      0.1075    
   152.0      0.9831E-01
   153.0      0.9145E-01
   154.0      0.8712E-01
   155.0      0.8544E-01
   156.0      0.8651E-01
   157.0      0.9039E-01
   158.0      0.9708E-01
   159.0      0.1065    
   160.0      0.1187    
   161.0      0.1335    
   162.0      0.1506    
   163.0      0.1699    
   164.0      0.1911    
   165.0      0.2140    
   166.0      0.2380    
   167.0      0.2630    
   168.0      0.2884    
   169.0      0.3139    
   170.0      0.3390    
   171.0      0.3633    
   172.0      0.3864    
   173.0      0.4079    
   174.0      0.4274    
   175.0      0.4445    
   176.0      0.4589    
   177.0      0.4705    
   178.0      0.4788    
   179.0      0.4839    
   180.0      0.4856    
 END
@legend string   0 "Partition=  1 Excit=  1 near/far= 1"
#legend string   2 "Lab energy =   49.3500"
@s0 linestyle   1
#  Theta       sigma       iT11        T20         T21         T22         Kyy for projectile
  0.1000E-01   1.000    
   1.000      0.9965    
   2.000      0.9139    
   3.000      0.7841    
   4.000      0.6654    
   5.000      0.6000    
   6.000      0.6092    
   7.000      0.6934    
   8.000      0.8345    
   9.000       1.001    
   10.00       1.153    
   11.00       1.254    
   12.00       1.272    
   13.00       1.194    
   14.00       1.021    
   15.00      0.7778    
   16.00      0.5032    
   17.00      0.2479    
   18.00      0.6566E-01
   19.00      0.4138E-02
   20.00      0.9652E-01
   21.00      0.3552    
   22.00      0.7684    
   23.00       1.301    
   24.00       1.898    
   25.00       2.494    
   26.00       3.019    
   27.00       3.413    
   28.00       3.632    
   29.00       3.655    
   30.00       3.488    
   31.00       3.164    
   32.00       2.736    
   33.00       2.274    
   34.00       1.850    
   35.00       1.533    
   36.00       1.377    
   37.00       1.416    
   38.00       1.656    
   39.00       2.081    
   40.00       2.648    
   41.00       3.300    
   42.00       3.967    
   43.00       4.580    
   44.00       5.079    
   45.00       5.417    
   46.00       5.567    
   47.00       5.525    
   48.00       5.310    
   49.00       4.956    
   50.00       4.515    
   51.00       4.043    
   52.00       3.598    
   53.00       3.230    
   54.00       2.978    
   55.00       2.866    
   56.00       2.899    
   57.00       3.067    
   58.00       3.345    
   59.00       3.697    
   60.00       4.081    
   61.00       4.454    
   62.00       4.776    
   63.00       5.016    
   64.00       5.152    
   65.00       5.175    
   66.00       5.087    
   67.00       4.901    
   68.00       4.639    
   69.00       4.329    
   70.00       4.001    
   71.00       3.684    
   72.00       3.404    
   73.00       3.180    
   74.00       3.027    
   75.00       2.949    
   76.00       2.943    
   77.00       3.003    
   78.00       3.112    
   79.00       3.255    
   80.00       3.412    
   81.00       3.565    
   82.00       3.696    
   83.00       3.792    
   84.00       3.842    
   85.00       3.841    
   86.00       3.787    
   87.00       3.684    
   88.00       3.538    
   89.00       3.359    
   90.00       3.160    
   91.00       2.952    
   92.00       2.750    
   93.00       2.566    
   94.00       2.411    
   95.00       2.292    
   96.00       2.216    
   97.00       2.184    
   98.00       2.194    
   99.00       2.241    
   100.0       2.317    
   101.0       2.411    
   102.0       2.510    
   103.0       2.602    
   104.0       2.675    
   105.0       2.718    
   106.0       2.724    
   107.0       2.689    
   108.0       2.612    
   109.0       2.498    
   110.0       2.354    
   111.0       2.192    
   112.0       2.024    
   113.0       1.865    
   114.0       1.727    
   115.0       1.620    
   116.0       1.552    
   117.0       1.525    
   118.0       1.538    
   119.0       1.584    
   120.0       1.654    
   121.0       1.734    
   122.0       1.811    
   123.0       1.872    
   124.0       1.907    
   125.0       1.909    
   126.0       1.875    
   127.0       1.808    
   128.0       1.714    
   129.0       1.606    
   130.0       1.495    
   131.0       1.397    
   132.0       1.322    
   133.0       1.280    
   134.0       1.276    
   135.0       1.310    
   136.0       1.374    
   137.0       1.458    
   138.0       1.546    
   139.0       1.623    
   140.0       1.672    
   141.0       1.681    
   142.0       1.641    
   143.0       1.552    
   144.0       1.418    
   145.0       1.254    
   146.0       1.079    
   147.0      0.9148    
   148.0      0.7860    
   149.0      0.7141    
   150.0      0.7156    
   151.0      0.7988    
   152.0      0.9624    
   153.0       1.194    
   154.0       1.473    
   155.0       1.767    
   156.0       2.043    
   157.0       2.265    
   158.0       2.400    
   159.0       2.425    
   160.0       2.328    
   161.0       2.112    
   162.0       1.795    
   163.0       1.414    
   164.0       1.014    
   165.0      0.6541    
   166.0      0.3951    
   167.0      0.2957    
   168.0      0.4063    
   169.0      0.7620    
   170.0       1.379    
   171.0       2.249    
   172.0       3.343    
   173.0       4.605    
   174.0       5.964    
   175.0       7.334    
   176.0       8.621    
   177.0       9.736    
   178.0       10.60    
   179.0       11.14    
   180.0       11.33    
 END
