 0.1000E-01   1.000    
   1.000       1.000    
   2.000       1.001    
   3.000      0.9974    
   4.000      0.9949    
   5.000      0.9963    
   6.000       1.002    
   7.000       1.010    
   8.000       1.019    
   9.000       1.026    
   10.00       1.031    
   11.00       1.032    
   12.00       1.029    
   13.00       1.023    
   14.00       1.014    
   15.00       1.002    
   16.00      0.9888    
   17.00      0.9744    
   18.00      0.9598    
   19.00      0.9454    
   20.00      0.9318    
   21.00      0.9193    
   22.00      0.9082    
   23.00      0.8985    
   24.00      0.8904    
   25.00      0.8836    
   26.00      0.8781    
   27.00      0.8736    
   28.00      0.8699    
   29.00      0.8667    
   30.00      0.8637    
   31.00      0.8606    
   32.00      0.8572    
   33.00      0.8531    
   34.00      0.8483    
   35.00      0.8424    
   36.00      0.8353    
   37.00      0.8269    
   38.00      0.8172    
   39.00      0.8062    
   40.00      0.7937    
   41.00      0.7800    
   42.00      0.7651    
   43.00      0.7490    
   44.00      0.7321    
   45.00      0.7143    
   46.00      0.6960    
   47.00      0.6773    
   48.00      0.6584    
   49.00      0.6396    
   50.00      0.6210    
   51.00      0.6029    
   52.00      0.5855    
   53.00      0.5690    
   54.00      0.5534    
   55.00      0.5391    
   56.00      0.5261    
   57.00      0.5145    
   58.00      0.5045    
   59.00      0.4961    
   60.00      0.4893    
   61.00      0.4842    
   62.00      0.4808    
   63.00      0.4790    
   64.00      0.4788    
   65.00      0.4801    
   66.00      0.4829    
   67.00      0.4871    
   68.00      0.4924    
   69.00      0.4989    
   70.00      0.5063    
   71.00      0.5145    
   72.00      0.5233    
   73.00      0.5326    
   74.00      0.5422    
   75.00      0.5520    
   76.00      0.5618    
   77.00      0.5714    
   78.00      0.5807    
   79.00      0.5895    
   80.00      0.5977    
   81.00      0.6051    
   82.00      0.6118    
   83.00      0.6175    
   84.00      0.6221    
   85.00      0.6257    
   86.00      0.6280    
   87.00      0.6292    
   88.00      0.6291    
   89.00      0.6278    
   90.00      0.6252    
   91.00      0.6213    
   92.00      0.6162    
   93.00      0.6099    
   94.00      0.6025    
   95.00      0.5940    
   96.00      0.5845    
   97.00      0.5741    
   98.00      0.5629    
   99.00      0.5509    
   100.0      0.5382    
   101.0      0.5251    
   102.0      0.5115    
   103.0      0.4975    
   104.0      0.4834    
   105.0      0.4692    
   106.0      0.4550    
   107.0      0.4409    
   108.0      0.4271    
   109.0      0.4135    
   110.0      0.4004    
   111.0      0.3878    
   112.0      0.3758    
   113.0      0.3645    
   114.0      0.3539    
   115.0      0.3441    
   116.0      0.3351    
   117.0      0.3270    
   118.0      0.3199    
   119.0      0.3137    
   120.0      0.3084    
   121.0      0.3042    
   122.0      0.3010    
   123.0      0.2987    
   124.0      0.2974    
   125.0      0.2971    
   126.0      0.2978    
   127.0      0.2993    
   128.0      0.3017    
   129.0      0.3050    
   130.0      0.3090    
   131.0      0.3138    
   132.0      0.3194    
   133.0      0.3255    
   134.0      0.3323    
   135.0      0.3396    
   136.0      0.3474    
   137.0      0.3557    
   138.0      0.3644    
   139.0      0.3733    
   140.0      0.3826    
   141.0      0.3921    
   142.0      0.4018    
   143.0      0.4117    
   144.0      0.4216    
   145.0      0.4316    
   146.0      0.4416    
   147.0      0.4516    
   148.0      0.4615    
   149.0      0.4713    
   150.0      0.4810    
   151.0      0.4906    
   152.0      0.5000    
   153.0      0.5092    
   154.0      0.5181    
   155.0      0.5269    
   156.0      0.5353    
   157.0      0.5436    
   158.0      0.5515    
   159.0      0.5591    
   160.0      0.5665    
   161.0      0.5735    
   162.0      0.5802    
   163.0      0.5866    
   164.0      0.5926    
   165.0      0.5983    
   166.0      0.6037    
   167.0      0.6087    
   168.0      0.6133    
   169.0      0.6176    
   170.0      0.6215    
   171.0      0.6251    
   172.0      0.6283    
   173.0      0.6311    
   174.0      0.6335    
   175.0      0.6356    
   176.0      0.6373    
   177.0      0.6386    
   178.0      0.6396    
   179.0      0.6401    
   180.0      0.6403  