# 相同theta值(30.0度)下不同能量的sigma数据
# 列1: 能量 (Energy)
# 列2: sigma值
# Energy	sigma
0.0	1.0
0.0	1.0
0.0	1.0
0.0	1.0
0.0	1.0
0.0	1.0
0.0	1.0
0.0	1.0
0.0	1.0
0.0	1.001
0.0	1.001
0.0	1.001
0.0	1.0
0.0	1.0
0.0	0.9999
0.0	0.9994
0.0	0.9988
0.0	0.9981
0.0	0.9972
0.0	0.9962
0.0	0.995
0.0	0.9932
0.0	0.9912
0.0	0.9888
0.0	0.9863
0.0	0.9834
0.0	0.9804
0.0	0.9771
0.0	0.9736
0.0	0.9699
0.0	0.966
0.0	0.9619
0.0	0.9577
0.0	0.9534
0.0	0.9489
0.0	0.9443
0.0	0.9396
0.0	0.9348
0.0	0.9299
0.0	0.9249
0.0	0.9199
0.0	0.9148
0.0	0.9097
0.0	0.9046
0.0	0.8994
0.0	0.8942
0.0	0.8889
0.0	0.8837
0.0	0.8785
0.0	0.8732
0.0	0.868
0.0	0.8627
0.0	0.8575
0.0	0.8523
0.0	0.8471
0.0	0.842
0.0	0.8368
0.0	0.8317
0.0	0.8266
0.0	0.8216
0.0	0.8165
0.0	0.8115
0.0	0.8066
0.0	0.8017
0.0	0.7968
0.0	0.7919
0.0	0.7871
0.0	0.7823
0.0	0.7776
0.0	0.7729
0.0	0.7682
