# 相同theta值(45.0度)下不同能量的sigma数据
# 列1: 能量 (Energy)
# 列2: sigma值
# Energy	sigma
0.0	1.0
0.0	1.0
0.0	1.0
0.0	1.0
0.0	1.0
0.0	1.0
0.0	1.0
0.0	0.9999
0.0	0.9996
0.0	0.9991
0.0	0.9985
0.0	0.9976
0.0	0.9965
0.0	0.9952
0.0	0.9935
0.0	0.9916
0.0	0.9894
0.0	0.9869
0.0	0.9841
0.0	0.981
0.0	0.9776
0.0	0.9727
0.0	0.9673
0.0	0.9615
0.0	0.9553
0.0	0.9486
0.0	0.9417
0.0	0.9344
0.0	0.9268
0.0	0.9189
0.0	0.9108
0.0	0.9026
0.0	0.8941
0.0	0.8854
0.0	0.8767
0.0	0.8678
0.0	0.8589
0.0	0.8499
0.0	0.8408
0.0	0.8317
0.0	0.8226
0.0	0.8135
0.0	0.8044
0.0	0.7954
0.0	0.7864
0.0	0.7774
0.0	0.7685
0.0	0.7597
0.0	0.751
0.0	0.7423
0.0	0.7337
0.0	0.7252
0.0	0.7168
0.0	0.7085
0.0	0.7004
0.0	0.6923
0.0	0.6843
0.0	0.6765
0.0	0.6688
0.0	0.6612
0.0	0.6536
0.0	0.6463
0.0	0.639
0.0	0.6319
0.0	0.6249
0.0	0.618
0.0	0.6112
0.0	0.6045
0.0	0.598
0.0	0.5916
0.0	0.5853
