# 相同theta值(179.99度)下不同能量的sigma数据
# 列1: 能量 (Energy)
# 列2: sigma值
# Energy	sigma
0.0	1.0
0.0	1.0
0.0	0.9999
0.0	0.9997
0.0	0.9992
0.0	0.9983
0.0	0.9968
0.0	0.9947
0.0	0.9919
0.0	0.9882
0.0	0.9835
0.0	0.978
0.0	0.9715
0.0	0.964
0.0	0.9555
0.0	0.9462
0.0	0.936
0.0	0.925
0.0	0.9133
0.0	0.901
0.0	0.888
0.0	0.8701
0.0	0.8514
0.0	0.8324
0.0	0.8132
0.0	0.7939
0.0	0.7749
0.0	0.7563
0.0	0.7383
0.0	0.721
0.0	0.7047
0.0	0.6894
0.0	0.6754
0.0	0.6626
0.0	0.6513
0.0	0.6414
0.0	0.6331
0.0	0.6264
0.0	0.6214
0.0	0.6181
0.0	0.6165
0.0	0.6167
0.0	0.6186
0.0	0.6222
0.0	0.6276
0.0	0.6346
0.0	0.6434
0.0	0.6538
0.0	0.6659
0.0	0.6795
0.0	0.6946
0.0	0.7113
0.0	0.7294
0.0	0.749
0.0	0.7698
0.0	0.792
0.0	0.8154
0.0	0.8401
0.0	0.8658
0.0	0.8927
0.0	0.9197
0.0	0.9485
0.0	0.9782
0.0	1.009
0.0	1.04
0.0	1.072
0.0	1.105
0.0	1.139
0.0	1.173
0.0	1.208
0.0	1.243
