# 相同theta值(135.0度)下不同能量的sigma数据
# 列1: 能量 (Energy)
# 列2: sigma值
# Energy	sigma
0.0	1.0
0.0	1.0
0.0	0.9999
0.0	0.9997
0.0	0.9992
0.0	0.9983
0.0	0.9968
0.0	0.9947
0.0	0.9919
0.0	0.9883
0.0	0.9839
0.0	0.9785
0.0	0.9722
0.0	0.9651
0.0	0.957
0.0	0.9481
0.0	0.9383
0.0	0.9278
0.0	0.9165
0.0	0.9047
0.0	0.8922
0.0	0.8748
0.0	0.8567
0.0	0.838
0.0	0.819
0.0	0.7999
0.0	0.7807
0.0	0.7617
0.0	0.7431
0.0	0.7249
0.0	0.7073
0.0	0.6905
0.0	0.6746
0.0	0.6596
0.0	0.6456
0.0	0.6328
0.0	0.6212
0.0	0.6109
0.0	0.6018
0.0	0.5941
0.0	0.5878
0.0	0.5829
0.0	0.5794
0.0	0.5774
0.0	0.5767
0.0	0.5775
0.0	0.5797
0.0	0.5833
0.0	0.5882
0.0	0.5945
0.0	0.6022
0.0	0.6111
0.0	0.6213
0.0	0.6328
0.0	0.6455
0.0	0.6593
0.0	0.6743
0.0	0.6904
0.0	0.7075
0.0	0.7256
0.0	0.7449
0.0	0.765
0.0	0.786
0.0	0.8078
0.0	0.8304
0.0	0.8539
0.0	0.8781
0.0	0.903
0.0	0.9285
0.0	0.9547
0.0	0.9815
